371075000
636012200
353337000
538002140
470869000
470868000
470388000
538007567
576016000
636009815
403709910
538002872
636016143
563566000
412831000
577014000
636008353
310715000
538001717
538002871
576809000
636017024
577152000
636016142
355417000
257087000
636010031
636011825
470870000
636009834
636009384
538002597
636012138
538001739
576860000
577015000
538003161
576776000
345070305
576778000
538002469
636014033
576919000
576921000
576780000
576781000
636014034
576782000
576923000
576924000
538001675
636012643
370718000
636012356
538001736
576719000
232662000
351623000
636011835
355126000
355679000
518973000
636012201
538002801
538001740
413473840
636012863
470871000
412370350
423379100
423093100
419141000
636018616
576741000
576957000
576622000
576672000
636018615
636014935
636009592
412320730
538001287
636010159
657204000
576837000
636009990
636011965
636012346
636009938
273435720
533130487
636008910
576854000
457844000
538003179
636011814
636013584
636009436
413306170
412461290
636011803
636011822
377301000
311657000
373196000
576364000
538002420
538001747
636015626
538001757
351937000
470709000
470875000
470874000
470873000
538001758
309963000
354620000
374764000
538003607
538001763
538001765
353538000
636012697
576369000
373218000
355675000
636012345
538001830
576674000
351418000
636016144
375665000
636013014
636015654
636015039
636012389
636009400